c
c binero_second_constraint.txt
c
p cnf 1232 3792
-65 0
-66 0
-67 0
-68 0
-69 0
-70 0
-71 0
-72 0
-73 0
-65 -1 -74 0
65 1 -74 0
65 -1 74 0
-65 1 74 0
-65 -1 75 0
65 -75 0
1 -75 0
-66 -75 76 0
66 -76 0
75 -76 0
-66 -75 -77 0
66 75 -77 0
66 -75 77 0
-66 75 77 0
-67 -76 78 0
67 -78 0
76 -78 0
-67 -76 -79 0
67 76 -79 0
67 -76 79 0
-67 76 79 0
-68 -78 80 0
68 -80 0
78 -80 0
-68 -78 -81 0
68 78 -81 0
68 -78 81 0
-68 78 81 0
-74 -2 -82 0
74 2 -82 0
74 -2 82 0
-74 2 82 0
-74 -2 83 0
74 -83 0
2 -83 0
-77 -83 84 0
77 -84 0
83 -84 0
-77 -83 -85 0
77 83 -85 0
77 -83 85 0
-77 83 85 0
-79 -84 86 0
79 -86 0
84 -86 0
-79 -84 -87 0
79 84 -87 0
79 -84 87 0
-79 84 87 0
-81 -86 88 0
81 -88 0
86 -88 0
-81 -86 -89 0
81 86 -89 0
81 -86 89 0
-81 86 89 0
-82 -3 -90 0
82 3 -90 0
82 -3 90 0
-82 3 90 0
-82 -3 91 0
82 -91 0
3 -91 0
-85 -91 92 0
85 -92 0
91 -92 0
-85 -91 -93 0
85 91 -93 0
85 -91 93 0
-85 91 93 0
-87 -92 94 0
87 -94 0
92 -94 0
-87 -92 -95 0
87 92 -95 0
87 -92 95 0
-87 92 95 0
-89 -94 96 0
89 -96 0
94 -96 0
-89 -94 -97 0
89 94 -97 0
89 -94 97 0
-89 94 97 0
-90 -4 -98 0
90 4 -98 0
90 -4 98 0
-90 4 98 0
-90 -4 99 0
90 -99 0
4 -99 0
-93 -99 100 0
93 -100 0
99 -100 0
-93 -99 -101 0
93 99 -101 0
93 -99 101 0
-93 99 101 0
-95 -100 102 0
95 -102 0
100 -102 0
-95 -100 -103 0
95 100 -103 0
95 -100 103 0
-95 100 103 0
-97 -102 104 0
97 -104 0
102 -104 0
-97 -102 -105 0
97 102 -105 0
97 -102 105 0
-97 102 105 0
-98 -5 -106 0
98 5 -106 0
98 -5 106 0
-98 5 106 0
-98 -5 107 0
98 -107 0
5 -107 0
-101 -107 108 0
101 -108 0
107 -108 0
-101 -107 -109 0
101 107 -109 0
101 -107 109 0
-101 107 109 0
-103 -108 110 0
103 -110 0
108 -110 0
-103 -108 -111 0
103 108 -111 0
103 -108 111 0
-103 108 111 0
-105 -110 112 0
105 -112 0
110 -112 0
-105 -110 -113 0
105 110 -113 0
105 -110 113 0
-105 110 113 0
-106 -6 -114 0
106 6 -114 0
106 -6 114 0
-106 6 114 0
-106 -6 115 0
106 -115 0
6 -115 0
-109 -115 116 0
109 -116 0
115 -116 0
-109 -115 -117 0
109 115 -117 0
109 -115 117 0
-109 115 117 0
-111 -116 118 0
111 -118 0
116 -118 0
-111 -116 -119 0
111 116 -119 0
111 -116 119 0
-111 116 119 0
-113 -118 120 0
113 -120 0
118 -120 0
-113 -118 -121 0
113 118 -121 0
113 -118 121 0
-113 118 121 0
-114 -7 -122 0
114 7 -122 0
114 -7 122 0
-114 7 122 0
-114 -7 123 0
114 -123 0
7 -123 0
-117 -123 124 0
117 -124 0
123 -124 0
-117 -123 -125 0
117 123 -125 0
117 -123 125 0
-117 123 125 0
-119 -124 126 0
119 -126 0
124 -126 0
-119 -124 -127 0
119 124 -127 0
119 -124 127 0
-119 124 127 0
-121 -126 128 0
121 -128 0
126 -128 0
-121 -126 -129 0
121 126 -129 0
121 -126 129 0
-121 126 129 0
-122 -8 -130 0
122 8 -130 0
122 -8 130 0
-122 8 130 0
-122 -8 131 0
122 -131 0
8 -131 0
-125 -131 132 0
125 -132 0
131 -132 0
-125 -131 -133 0
125 131 -133 0
125 -131 133 0
-125 131 133 0
-127 -132 134 0
127 -134 0
132 -134 0
-127 -132 -135 0
127 132 -135 0
127 -132 135 0
-127 132 135 0
-129 -134 136 0
129 -136 0
134 -136 0
-129 -134 -137 0
129 134 -137 0
129 -134 137 0
-129 134 137 0
-130 0
-133 0
135 0
-137 0
-138 0
-139 0
-140 0
-141 0
-142 0
-143 0
-144 0
-145 0
-146 0
-138 -9 -147 0
138 9 -147 0
138 -9 147 0
-138 9 147 0
-138 -9 148 0
138 -148 0
9 -148 0
-139 -148 149 0
139 -149 0
148 -149 0
-139 -148 -150 0
139 148 -150 0
139 -148 150 0
-139 148 150 0
-140 -149 151 0
140 -151 0
149 -151 0
-140 -149 -152 0
140 149 -152 0
140 -149 152 0
-140 149 152 0
-141 -151 153 0
141 -153 0
151 -153 0
-141 -151 -154 0
141 151 -154 0
141 -151 154 0
-141 151 154 0
-147 -10 -155 0
147 10 -155 0
147 -10 155 0
-147 10 155 0
-147 -10 156 0
147 -156 0
10 -156 0
-150 -156 157 0
150 -157 0
156 -157 0
-150 -156 -158 0
150 156 -158 0
150 -156 158 0
-150 156 158 0
-152 -157 159 0
152 -159 0
157 -159 0
-152 -157 -160 0
152 157 -160 0
152 -157 160 0
-152 157 160 0
-154 -159 161 0
154 -161 0
159 -161 0
-154 -159 -162 0
154 159 -162 0
154 -159 162 0
-154 159 162 0
-155 -11 -163 0
155 11 -163 0
155 -11 163 0
-155 11 163 0
-155 -11 164 0
155 -164 0
11 -164 0
-158 -164 165 0
158 -165 0
164 -165 0
-158 -164 -166 0
158 164 -166 0
158 -164 166 0
-158 164 166 0
-160 -165 167 0
160 -167 0
165 -167 0
-160 -165 -168 0
160 165 -168 0
160 -165 168 0
-160 165 168 0
-162 -167 169 0
162 -169 0
167 -169 0
-162 -167 -170 0
162 167 -170 0
162 -167 170 0
-162 167 170 0
-163 -12 -171 0
163 12 -171 0
163 -12 171 0
-163 12 171 0
-163 -12 172 0
163 -172 0
12 -172 0
-166 -172 173 0
166 -173 0
172 -173 0
-166 -172 -174 0
166 172 -174 0
166 -172 174 0
-166 172 174 0
-168 -173 175 0
168 -175 0
173 -175 0
-168 -173 -176 0
168 173 -176 0
168 -173 176 0
-168 173 176 0
-170 -175 177 0
170 -177 0
175 -177 0
-170 -175 -178 0
170 175 -178 0
170 -175 178 0
-170 175 178 0
-171 -13 -179 0
171 13 -179 0
171 -13 179 0
-171 13 179 0
-171 -13 180 0
171 -180 0
13 -180 0
-174 -180 181 0
174 -181 0
180 -181 0
-174 -180 -182 0
174 180 -182 0
174 -180 182 0
-174 180 182 0
-176 -181 183 0
176 -183 0
181 -183 0
-176 -181 -184 0
176 181 -184 0
176 -181 184 0
-176 181 184 0
-178 -183 185 0
178 -185 0
183 -185 0
-178 -183 -186 0
178 183 -186 0
178 -183 186 0
-178 183 186 0
-179 -14 -187 0
179 14 -187 0
179 -14 187 0
-179 14 187 0
-179 -14 188 0
179 -188 0
14 -188 0
-182 -188 189 0
182 -189 0
188 -189 0
-182 -188 -190 0
182 188 -190 0
182 -188 190 0
-182 188 190 0
-184 -189 191 0
184 -191 0
189 -191 0
-184 -189 -192 0
184 189 -192 0
184 -189 192 0
-184 189 192 0
-186 -191 193 0
186 -193 0
191 -193 0
-186 -191 -194 0
186 191 -194 0
186 -191 194 0
-186 191 194 0
-187 -15 -195 0
187 15 -195 0
187 -15 195 0
-187 15 195 0
-187 -15 196 0
187 -196 0
15 -196 0
-190 -196 197 0
190 -197 0
196 -197 0
-190 -196 -198 0
190 196 -198 0
190 -196 198 0
-190 196 198 0
-192 -197 199 0
192 -199 0
197 -199 0
-192 -197 -200 0
192 197 -200 0
192 -197 200 0
-192 197 200 0
-194 -199 201 0
194 -201 0
199 -201 0
-194 -199 -202 0
194 199 -202 0
194 -199 202 0
-194 199 202 0
-195 -16 -203 0
195 16 -203 0
195 -16 203 0
-195 16 203 0
-195 -16 204 0
195 -204 0
16 -204 0
-198 -204 205 0
198 -205 0
204 -205 0
-198 -204 -206 0
198 204 -206 0
198 -204 206 0
-198 204 206 0
-200 -205 207 0
200 -207 0
205 -207 0
-200 -205 -208 0
200 205 -208 0
200 -205 208 0
-200 205 208 0
-202 -207 209 0
202 -209 0
207 -209 0
-202 -207 -210 0
202 207 -210 0
202 -207 210 0
-202 207 210 0
-203 0
-206 0
208 0
-210 0
-211 0
-212 0
-213 0
-214 0
-215 0
-216 0
-217 0
-218 0
-219 0
-211 -17 -220 0
211 17 -220 0
211 -17 220 0
-211 17 220 0
-211 -17 221 0
211 -221 0
17 -221 0
-212 -221 222 0
212 -222 0
221 -222 0
-212 -221 -223 0
212 221 -223 0
212 -221 223 0
-212 221 223 0
-213 -222 224 0
213 -224 0
222 -224 0
-213 -222 -225 0
213 222 -225 0
213 -222 225 0
-213 222 225 0
-214 -224 226 0
214 -226 0
224 -226 0
-214 -224 -227 0
214 224 -227 0
214 -224 227 0
-214 224 227 0
-220 -18 -228 0
220 18 -228 0
220 -18 228 0
-220 18 228 0
-220 -18 229 0
220 -229 0
18 -229 0
-223 -229 230 0
223 -230 0
229 -230 0
-223 -229 -231 0
223 229 -231 0
223 -229 231 0
-223 229 231 0
-225 -230 232 0
225 -232 0
230 -232 0
-225 -230 -233 0
225 230 -233 0
225 -230 233 0
-225 230 233 0
-227 -232 234 0
227 -234 0
232 -234 0
-227 -232 -235 0
227 232 -235 0
227 -232 235 0
-227 232 235 0
-228 -19 -236 0
228 19 -236 0
228 -19 236 0
-228 19 236 0
-228 -19 237 0
228 -237 0
19 -237 0
-231 -237 238 0
231 -238 0
237 -238 0
-231 -237 -239 0
231 237 -239 0
231 -237 239 0
-231 237 239 0
-233 -238 240 0
233 -240 0
238 -240 0
-233 -238 -241 0
233 238 -241 0
233 -238 241 0
-233 238 241 0
-235 -240 242 0
235 -242 0
240 -242 0
-235 -240 -243 0
235 240 -243 0
235 -240 243 0
-235 240 243 0
-236 -20 -244 0
236 20 -244 0
236 -20 244 0
-236 20 244 0
-236 -20 245 0
236 -245 0
20 -245 0
-239 -245 246 0
239 -246 0
245 -246 0
-239 -245 -247 0
239 245 -247 0
239 -245 247 0
-239 245 247 0
-241 -246 248 0
241 -248 0
246 -248 0
-241 -246 -249 0
241 246 -249 0
241 -246 249 0
-241 246 249 0
-243 -248 250 0
243 -250 0
248 -250 0
-243 -248 -251 0
243 248 -251 0
243 -248 251 0
-243 248 251 0
-244 -21 -252 0
244 21 -252 0
244 -21 252 0
-244 21 252 0
-244 -21 253 0
244 -253 0
21 -253 0
-247 -253 254 0
247 -254 0
253 -254 0
-247 -253 -255 0
247 253 -255 0
247 -253 255 0
-247 253 255 0
-249 -254 256 0
249 -256 0
254 -256 0
-249 -254 -257 0
249 254 -257 0
249 -254 257 0
-249 254 257 0
-251 -256 258 0
251 -258 0
256 -258 0
-251 -256 -259 0
251 256 -259 0
251 -256 259 0
-251 256 259 0
-252 -22 -260 0
252 22 -260 0
252 -22 260 0
-252 22 260 0
-252 -22 261 0
252 -261 0
22 -261 0
-255 -261 262 0
255 -262 0
261 -262 0
-255 -261 -263 0
255 261 -263 0
255 -261 263 0
-255 261 263 0
-257 -262 264 0
257 -264 0
262 -264 0
-257 -262 -265 0
257 262 -265 0
257 -262 265 0
-257 262 265 0
-259 -264 266 0
259 -266 0
264 -266 0
-259 -264 -267 0
259 264 -267 0
259 -264 267 0
-259 264 267 0
-260 -23 -268 0
260 23 -268 0
260 -23 268 0
-260 23 268 0
-260 -23 269 0
260 -269 0
23 -269 0
-263 -269 270 0
263 -270 0
269 -270 0
-263 -269 -271 0
263 269 -271 0
263 -269 271 0
-263 269 271 0
-265 -270 272 0
265 -272 0
270 -272 0
-265 -270 -273 0
265 270 -273 0
265 -270 273 0
-265 270 273 0
-267 -272 274 0
267 -274 0
272 -274 0
-267 -272 -275 0
267 272 -275 0
267 -272 275 0
-267 272 275 0
-268 -24 -276 0
268 24 -276 0
268 -24 276 0
-268 24 276 0
-268 -24 277 0
268 -277 0
24 -277 0
-271 -277 278 0
271 -278 0
277 -278 0
-271 -277 -279 0
271 277 -279 0
271 -277 279 0
-271 277 279 0
-273 -278 280 0
273 -280 0
278 -280 0
-273 -278 -281 0
273 278 -281 0
273 -278 281 0
-273 278 281 0
-275 -280 282 0
275 -282 0
280 -282 0
-275 -280 -283 0
275 280 -283 0
275 -280 283 0
-275 280 283 0
-276 0
-279 0
281 0
-283 0
-284 0
-285 0
-286 0
-287 0
-288 0
-289 0
-290 0
-291 0
-292 0
-284 -25 -293 0
284 25 -293 0
284 -25 293 0
-284 25 293 0
-284 -25 294 0
284 -294 0
25 -294 0
-285 -294 295 0
285 -295 0
294 -295 0
-285 -294 -296 0
285 294 -296 0
285 -294 296 0
-285 294 296 0
-286 -295 297 0
286 -297 0
295 -297 0
-286 -295 -298 0
286 295 -298 0
286 -295 298 0
-286 295 298 0
-287 -297 299 0
287 -299 0
297 -299 0
-287 -297 -300 0
287 297 -300 0
287 -297 300 0
-287 297 300 0
-293 -26 -301 0
293 26 -301 0
293 -26 301 0
-293 26 301 0
-293 -26 302 0
293 -302 0
26 -302 0
-296 -302 303 0
296 -303 0
302 -303 0
-296 -302 -304 0
296 302 -304 0
296 -302 304 0
-296 302 304 0
-298 -303 305 0
298 -305 0
303 -305 0
-298 -303 -306 0
298 303 -306 0
298 -303 306 0
-298 303 306 0
-300 -305 307 0
300 -307 0
305 -307 0
-300 -305 -308 0
300 305 -308 0
300 -305 308 0
-300 305 308 0
-301 -27 -309 0
301 27 -309 0
301 -27 309 0
-301 27 309 0
-301 -27 310 0
301 -310 0
27 -310 0
-304 -310 311 0
304 -311 0
310 -311 0
-304 -310 -312 0
304 310 -312 0
304 -310 312 0
-304 310 312 0
-306 -311 313 0
306 -313 0
311 -313 0
-306 -311 -314 0
306 311 -314 0
306 -311 314 0
-306 311 314 0
-308 -313 315 0
308 -315 0
313 -315 0
-308 -313 -316 0
308 313 -316 0
308 -313 316 0
-308 313 316 0
-309 -28 -317 0
309 28 -317 0
309 -28 317 0
-309 28 317 0
-309 -28 318 0
309 -318 0
28 -318 0
-312 -318 319 0
312 -319 0
318 -319 0
-312 -318 -320 0
312 318 -320 0
312 -318 320 0
-312 318 320 0
-314 -319 321 0
314 -321 0
319 -321 0
-314 -319 -322 0
314 319 -322 0
314 -319 322 0
-314 319 322 0
-316 -321 323 0
316 -323 0
321 -323 0
-316 -321 -324 0
316 321 -324 0
316 -321 324 0
-316 321 324 0
-317 -29 -325 0
317 29 -325 0
317 -29 325 0
-317 29 325 0
-317 -29 326 0
317 -326 0
29 -326 0
-320 -326 327 0
320 -327 0
326 -327 0
-320 -326 -328 0
320 326 -328 0
320 -326 328 0
-320 326 328 0
-322 -327 329 0
322 -329 0
327 -329 0
-322 -327 -330 0
322 327 -330 0
322 -327 330 0
-322 327 330 0
-324 -329 331 0
324 -331 0
329 -331 0
-324 -329 -332 0
324 329 -332 0
324 -329 332 0
-324 329 332 0
-325 -30 -333 0
325 30 -333 0
325 -30 333 0
-325 30 333 0
-325 -30 334 0
325 -334 0
30 -334 0
-328 -334 335 0
328 -335 0
334 -335 0
-328 -334 -336 0
328 334 -336 0
328 -334 336 0
-328 334 336 0
-330 -335 337 0
330 -337 0
335 -337 0
-330 -335 -338 0
330 335 -338 0
330 -335 338 0
-330 335 338 0
-332 -337 339 0
332 -339 0
337 -339 0
-332 -337 -340 0
332 337 -340 0
332 -337 340 0
-332 337 340 0
-333 -31 -341 0
333 31 -341 0
333 -31 341 0
-333 31 341 0
-333 -31 342 0
333 -342 0
31 -342 0
-336 -342 343 0
336 -343 0
342 -343 0
-336 -342 -344 0
336 342 -344 0
336 -342 344 0
-336 342 344 0
-338 -343 345 0
338 -345 0
343 -345 0
-338 -343 -346 0
338 343 -346 0
338 -343 346 0
-338 343 346 0
-340 -345 347 0
340 -347 0
345 -347 0
-340 -345 -348 0
340 345 -348 0
340 -345 348 0
-340 345 348 0
-341 -32 -349 0
341 32 -349 0
341 -32 349 0
-341 32 349 0
-341 -32 350 0
341 -350 0
32 -350 0
-344 -350 351 0
344 -351 0
350 -351 0
-344 -350 -352 0
344 350 -352 0
344 -350 352 0
-344 350 352 0
-346 -351 353 0
346 -353 0
351 -353 0
-346 -351 -354 0
346 351 -354 0
346 -351 354 0
-346 351 354 0
-348 -353 355 0
348 -355 0
353 -355 0
-348 -353 -356 0
348 353 -356 0
348 -353 356 0
-348 353 356 0
-349 0
-352 0
354 0
-356 0
-357 0
-358 0
-359 0
-360 0
-361 0
-362 0
-363 0
-364 0
-365 0
-357 -33 -366 0
357 33 -366 0
357 -33 366 0
-357 33 366 0
-357 -33 367 0
357 -367 0
33 -367 0
-358 -367 368 0
358 -368 0
367 -368 0
-358 -367 -369 0
358 367 -369 0
358 -367 369 0
-358 367 369 0
-359 -368 370 0
359 -370 0
368 -370 0
-359 -368 -371 0
359 368 -371 0
359 -368 371 0
-359 368 371 0
-360 -370 372 0
360 -372 0
370 -372 0
-360 -370 -373 0
360 370 -373 0
360 -370 373 0
-360 370 373 0
-366 -34 -374 0
366 34 -374 0
366 -34 374 0
-366 34 374 0
-366 -34 375 0
366 -375 0
34 -375 0
-369 -375 376 0
369 -376 0
375 -376 0
-369 -375 -377 0
369 375 -377 0
369 -375 377 0
-369 375 377 0
-371 -376 378 0
371 -378 0
376 -378 0
-371 -376 -379 0
371 376 -379 0
371 -376 379 0
-371 376 379 0
-373 -378 380 0
373 -380 0
378 -380 0
-373 -378 -381 0
373 378 -381 0
373 -378 381 0
-373 378 381 0
-374 -35 -382 0
374 35 -382 0
374 -35 382 0
-374 35 382 0
-374 -35 383 0
374 -383 0
35 -383 0
-377 -383 384 0
377 -384 0
383 -384 0
-377 -383 -385 0
377 383 -385 0
377 -383 385 0
-377 383 385 0
-379 -384 386 0
379 -386 0
384 -386 0
-379 -384 -387 0
379 384 -387 0
379 -384 387 0
-379 384 387 0
-381 -386 388 0
381 -388 0
386 -388 0
-381 -386 -389 0
381 386 -389 0
381 -386 389 0
-381 386 389 0
-382 -36 -390 0
382 36 -390 0
382 -36 390 0
-382 36 390 0
-382 -36 391 0
382 -391 0
36 -391 0
-385 -391 392 0
385 -392 0
391 -392 0
-385 -391 -393 0
385 391 -393 0
385 -391 393 0
-385 391 393 0
-387 -392 394 0
387 -394 0
392 -394 0
-387 -392 -395 0
387 392 -395 0
387 -392 395 0
-387 392 395 0
-389 -394 396 0
389 -396 0
394 -396 0
-389 -394 -397 0
389 394 -397 0
389 -394 397 0
-389 394 397 0
-390 -37 -398 0
390 37 -398 0
390 -37 398 0
-390 37 398 0
-390 -37 399 0
390 -399 0
37 -399 0
-393 -399 400 0
393 -400 0
399 -400 0
-393 -399 -401 0
393 399 -401 0
393 -399 401 0
-393 399 401 0
-395 -400 402 0
395 -402 0
400 -402 0
-395 -400 -403 0
395 400 -403 0
395 -400 403 0
-395 400 403 0
-397 -402 404 0
397 -404 0
402 -404 0
-397 -402 -405 0
397 402 -405 0
397 -402 405 0
-397 402 405 0
-398 -38 -406 0
398 38 -406 0
398 -38 406 0
-398 38 406 0
-398 -38 407 0
398 -407 0
38 -407 0
-401 -407 408 0
401 -408 0
407 -408 0
-401 -407 -409 0
401 407 -409 0
401 -407 409 0
-401 407 409 0
-403 -408 410 0
403 -410 0
408 -410 0
-403 -408 -411 0
403 408 -411 0
403 -408 411 0
-403 408 411 0
-405 -410 412 0
405 -412 0
410 -412 0
-405 -410 -413 0
405 410 -413 0
405 -410 413 0
-405 410 413 0
-406 -39 -414 0
406 39 -414 0
406 -39 414 0
-406 39 414 0
-406 -39 415 0
406 -415 0
39 -415 0
-409 -415 416 0
409 -416 0
415 -416 0
-409 -415 -417 0
409 415 -417 0
409 -415 417 0
-409 415 417 0
-411 -416 418 0
411 -418 0
416 -418 0
-411 -416 -419 0
411 416 -419 0
411 -416 419 0
-411 416 419 0
-413 -418 420 0
413 -420 0
418 -420 0
-413 -418 -421 0
413 418 -421 0
413 -418 421 0
-413 418 421 0
-414 -40 -422 0
414 40 -422 0
414 -40 422 0
-414 40 422 0
-414 -40 423 0
414 -423 0
40 -423 0
-417 -423 424 0
417 -424 0
423 -424 0
-417 -423 -425 0
417 423 -425 0
417 -423 425 0
-417 423 425 0
-419 -424 426 0
419 -426 0
424 -426 0
-419 -424 -427 0
419 424 -427 0
419 -424 427 0
-419 424 427 0
-421 -426 428 0
421 -428 0
426 -428 0
-421 -426 -429 0
421 426 -429 0
421 -426 429 0
-421 426 429 0
-422 0
-425 0
427 0
-429 0
-430 0
-431 0
-432 0
-433 0
-434 0
-435 0
-436 0
-437 0
-438 0
-430 -41 -439 0
430 41 -439 0
430 -41 439 0
-430 41 439 0
-430 -41 440 0
430 -440 0
41 -440 0
-431 -440 441 0
431 -441 0
440 -441 0
-431 -440 -442 0
431 440 -442 0
431 -440 442 0
-431 440 442 0
-432 -441 443 0
432 -443 0
441 -443 0
-432 -441 -444 0
432 441 -444 0
432 -441 444 0
-432 441 444 0
-433 -443 445 0
433 -445 0
443 -445 0
-433 -443 -446 0
433 443 -446 0
433 -443 446 0
-433 443 446 0
-439 -42 -447 0
439 42 -447 0
439 -42 447 0
-439 42 447 0
-439 -42 448 0
439 -448 0
42 -448 0
-442 -448 449 0
442 -449 0
448 -449 0
-442 -448 -450 0
442 448 -450 0
442 -448 450 0
-442 448 450 0
-444 -449 451 0
444 -451 0
449 -451 0
-444 -449 -452 0
444 449 -452 0
444 -449 452 0
-444 449 452 0
-446 -451 453 0
446 -453 0
451 -453 0
-446 -451 -454 0
446 451 -454 0
446 -451 454 0
-446 451 454 0
-447 -43 -455 0
447 43 -455 0
447 -43 455 0
-447 43 455 0
-447 -43 456 0
447 -456 0
43 -456 0
-450 -456 457 0
450 -457 0
456 -457 0
-450 -456 -458 0
450 456 -458 0
450 -456 458 0
-450 456 458 0
-452 -457 459 0
452 -459 0
457 -459 0
-452 -457 -460 0
452 457 -460 0
452 -457 460 0
-452 457 460 0
-454 -459 461 0
454 -461 0
459 -461 0
-454 -459 -462 0
454 459 -462 0
454 -459 462 0
-454 459 462 0
-455 -44 -463 0
455 44 -463 0
455 -44 463 0
-455 44 463 0
-455 -44 464 0
455 -464 0
44 -464 0
-458 -464 465 0
458 -465 0
464 -465 0
-458 -464 -466 0
458 464 -466 0
458 -464 466 0
-458 464 466 0
-460 -465 467 0
460 -467 0
465 -467 0
-460 -465 -468 0
460 465 -468 0
460 -465 468 0
-460 465 468 0
-462 -467 469 0
462 -469 0
467 -469 0
-462 -467 -470 0
462 467 -470 0
462 -467 470 0
-462 467 470 0
-463 -45 -471 0
463 45 -471 0
463 -45 471 0
-463 45 471 0
-463 -45 472 0
463 -472 0
45 -472 0
-466 -472 473 0
466 -473 0
472 -473 0
-466 -472 -474 0
466 472 -474 0
466 -472 474 0
-466 472 474 0
-468 -473 475 0
468 -475 0
473 -475 0
-468 -473 -476 0
468 473 -476 0
468 -473 476 0
-468 473 476 0
-470 -475 477 0
470 -477 0
475 -477 0
-470 -475 -478 0
470 475 -478 0
470 -475 478 0
-470 475 478 0
-471 -46 -479 0
471 46 -479 0
471 -46 479 0
-471 46 479 0
-471 -46 480 0
471 -480 0
46 -480 0
-474 -480 481 0
474 -481 0
480 -481 0
-474 -480 -482 0
474 480 -482 0
474 -480 482 0
-474 480 482 0
-476 -481 483 0
476 -483 0
481 -483 0
-476 -481 -484 0
476 481 -484 0
476 -481 484 0
-476 481 484 0
-478 -483 485 0
478 -485 0
483 -485 0
-478 -483 -486 0
478 483 -486 0
478 -483 486 0
-478 483 486 0
-479 -47 -487 0
479 47 -487 0
479 -47 487 0
-479 47 487 0
-479 -47 488 0
479 -488 0
47 -488 0
-482 -488 489 0
482 -489 0
488 -489 0
-482 -488 -490 0
482 488 -490 0
482 -488 490 0
-482 488 490 0
-484 -489 491 0
484 -491 0
489 -491 0
-484 -489 -492 0
484 489 -492 0
484 -489 492 0
-484 489 492 0
-486 -491 493 0
486 -493 0
491 -493 0
-486 -491 -494 0
486 491 -494 0
486 -491 494 0
-486 491 494 0
-487 -48 -495 0
487 48 -495 0
487 -48 495 0
-487 48 495 0
-487 -48 496 0
487 -496 0
48 -496 0
-490 -496 497 0
490 -497 0
496 -497 0
-490 -496 -498 0
490 496 -498 0
490 -496 498 0
-490 496 498 0
-492 -497 499 0
492 -499 0
497 -499 0
-492 -497 -500 0
492 497 -500 0
492 -497 500 0
-492 497 500 0
-494 -499 501 0
494 -501 0
499 -501 0
-494 -499 -502 0
494 499 -502 0
494 -499 502 0
-494 499 502 0
-495 0
-498 0
500 0
-502 0
-503 0
-504 0
-505 0
-506 0
-507 0
-508 0
-509 0
-510 0
-511 0
-503 -49 -512 0
503 49 -512 0
503 -49 512 0
-503 49 512 0
-503 -49 513 0
503 -513 0
49 -513 0
-504 -513 514 0
504 -514 0
513 -514 0
-504 -513 -515 0
504 513 -515 0
504 -513 515 0
-504 513 515 0
-505 -514 516 0
505 -516 0
514 -516 0
-505 -514 -517 0
505 514 -517 0
505 -514 517 0
-505 514 517 0
-506 -516 518 0
506 -518 0
516 -518 0
-506 -516 -519 0
506 516 -519 0
506 -516 519 0
-506 516 519 0
-512 -50 -520 0
512 50 -520 0
512 -50 520 0
-512 50 520 0
-512 -50 521 0
512 -521 0
50 -521 0
-515 -521 522 0
515 -522 0
521 -522 0
-515 -521 -523 0
515 521 -523 0
515 -521 523 0
-515 521 523 0
-517 -522 524 0
517 -524 0
522 -524 0
-517 -522 -525 0
517 522 -525 0
517 -522 525 0
-517 522 525 0
-519 -524 526 0
519 -526 0
524 -526 0
-519 -524 -527 0
519 524 -527 0
519 -524 527 0
-519 524 527 0
-520 -51 -528 0
520 51 -528 0
520 -51 528 0
-520 51 528 0
-520 -51 529 0
520 -529 0
51 -529 0
-523 -529 530 0
523 -530 0
529 -530 0
-523 -529 -531 0
523 529 -531 0
523 -529 531 0
-523 529 531 0
-525 -530 532 0
525 -532 0
530 -532 0
-525 -530 -533 0
525 530 -533 0
525 -530 533 0
-525 530 533 0
-527 -532 534 0
527 -534 0
532 -534 0
-527 -532 -535 0
527 532 -535 0
527 -532 535 0
-527 532 535 0
-528 -52 -536 0
528 52 -536 0
528 -52 536 0
-528 52 536 0
-528 -52 537 0
528 -537 0
52 -537 0
-531 -537 538 0
531 -538 0
537 -538 0
-531 -537 -539 0
531 537 -539 0
531 -537 539 0
-531 537 539 0
-533 -538 540 0
533 -540 0
538 -540 0
-533 -538 -541 0
533 538 -541 0
533 -538 541 0
-533 538 541 0
-535 -540 542 0
535 -542 0
540 -542 0
-535 -540 -543 0
535 540 -543 0
535 -540 543 0
-535 540 543 0
-536 -53 -544 0
536 53 -544 0
536 -53 544 0
-536 53 544 0
-536 -53 545 0
536 -545 0
53 -545 0
-539 -545 546 0
539 -546 0
545 -546 0
-539 -545 -547 0
539 545 -547 0
539 -545 547 0
-539 545 547 0
-541 -546 548 0
541 -548 0
546 -548 0
-541 -546 -549 0
541 546 -549 0
541 -546 549 0
-541 546 549 0
-543 -548 550 0
543 -550 0
548 -550 0
-543 -548 -551 0
543 548 -551 0
543 -548 551 0
-543 548 551 0
-544 -54 -552 0
544 54 -552 0
544 -54 552 0
-544 54 552 0
-544 -54 553 0
544 -553 0
54 -553 0
-547 -553 554 0
547 -554 0
553 -554 0
-547 -553 -555 0
547 553 -555 0
547 -553 555 0
-547 553 555 0
-549 -554 556 0
549 -556 0
554 -556 0
-549 -554 -557 0
549 554 -557 0
549 -554 557 0
-549 554 557 0
-551 -556 558 0
551 -558 0
556 -558 0
-551 -556 -559 0
551 556 -559 0
551 -556 559 0
-551 556 559 0
-552 -55 -560 0
552 55 -560 0
552 -55 560 0
-552 55 560 0
-552 -55 561 0
552 -561 0
55 -561 0
-555 -561 562 0
555 -562 0
561 -562 0
-555 -561 -563 0
555 561 -563 0
555 -561 563 0
-555 561 563 0
-557 -562 564 0
557 -564 0
562 -564 0
-557 -562 -565 0
557 562 -565 0
557 -562 565 0
-557 562 565 0
-559 -564 566 0
559 -566 0
564 -566 0
-559 -564 -567 0
559 564 -567 0
559 -564 567 0
-559 564 567 0
-560 -56 -568 0
560 56 -568 0
560 -56 568 0
-560 56 568 0
-560 -56 569 0
560 -569 0
56 -569 0
-563 -569 570 0
563 -570 0
569 -570 0
-563 -569 -571 0
563 569 -571 0
563 -569 571 0
-563 569 571 0
-565 -570 572 0
565 -572 0
570 -572 0
-565 -570 -573 0
565 570 -573 0
565 -570 573 0
-565 570 573 0
-567 -572 574 0
567 -574 0
572 -574 0
-567 -572 -575 0
567 572 -575 0
567 -572 575 0
-567 572 575 0
-568 0
-571 0
573 0
-575 0
-576 0
-577 0
-578 0
-579 0
-580 0
-581 0
-582 0
-583 0
-584 0
-576 -57 -585 0
576 57 -585 0
576 -57 585 0
-576 57 585 0
-576 -57 586 0
576 -586 0
57 -586 0
-577 -586 587 0
577 -587 0
586 -587 0
-577 -586 -588 0
577 586 -588 0
577 -586 588 0
-577 586 588 0
-578 -587 589 0
578 -589 0
587 -589 0
-578 -587 -590 0
578 587 -590 0
578 -587 590 0
-578 587 590 0
-579 -589 591 0
579 -591 0
589 -591 0
-579 -589 -592 0
579 589 -592 0
579 -589 592 0
-579 589 592 0
-585 -58 -593 0
585 58 -593 0
585 -58 593 0
-585 58 593 0
-585 -58 594 0
585 -594 0
58 -594 0
-588 -594 595 0
588 -595 0
594 -595 0
-588 -594 -596 0
588 594 -596 0
588 -594 596 0
-588 594 596 0
-590 -595 597 0
590 -597 0
595 -597 0
-590 -595 -598 0
590 595 -598 0
590 -595 598 0
-590 595 598 0
-592 -597 599 0
592 -599 0
597 -599 0
-592 -597 -600 0
592 597 -600 0
592 -597 600 0
-592 597 600 0
-593 -59 -601 0
593 59 -601 0
593 -59 601 0
-593 59 601 0
-593 -59 602 0
593 -602 0
59 -602 0
-596 -602 603 0
596 -603 0
602 -603 0
-596 -602 -604 0
596 602 -604 0
596 -602 604 0
-596 602 604 0
-598 -603 605 0
598 -605 0
603 -605 0
-598 -603 -606 0
598 603 -606 0
598 -603 606 0
-598 603 606 0
-600 -605 607 0
600 -607 0
605 -607 0
-600 -605 -608 0
600 605 -608 0
600 -605 608 0
-600 605 608 0
-601 -60 -609 0
601 60 -609 0
601 -60 609 0
-601 60 609 0
-601 -60 610 0
601 -610 0
60 -610 0
-604 -610 611 0
604 -611 0
610 -611 0
-604 -610 -612 0
604 610 -612 0
604 -610 612 0
-604 610 612 0
-606 -611 613 0
606 -613 0
611 -613 0
-606 -611 -614 0
606 611 -614 0
606 -611 614 0
-606 611 614 0
-608 -613 615 0
608 -615 0
613 -615 0
-608 -613 -616 0
608 613 -616 0
608 -613 616 0
-608 613 616 0
-609 -61 -617 0
609 61 -617 0
609 -61 617 0
-609 61 617 0
-609 -61 618 0
609 -618 0
61 -618 0
-612 -618 619 0
612 -619 0
618 -619 0
-612 -618 -620 0
612 618 -620 0
612 -618 620 0
-612 618 620 0
-614 -619 621 0
614 -621 0
619 -621 0
-614 -619 -622 0
614 619 -622 0
614 -619 622 0
-614 619 622 0
-616 -621 623 0
616 -623 0
621 -623 0
-616 -621 -624 0
616 621 -624 0
616 -621 624 0
-616 621 624 0
-617 -62 -625 0
617 62 -625 0
617 -62 625 0
-617 62 625 0
-617 -62 626 0
617 -626 0
62 -626 0
-620 -626 627 0
620 -627 0
626 -627 0
-620 -626 -628 0
620 626 -628 0
620 -626 628 0
-620 626 628 0
-622 -627 629 0
622 -629 0
627 -629 0
-622 -627 -630 0
622 627 -630 0
622 -627 630 0
-622 627 630 0
-624 -629 631 0
624 -631 0
629 -631 0
-624 -629 -632 0
624 629 -632 0
624 -629 632 0
-624 629 632 0
-625 -63 -633 0
625 63 -633 0
625 -63 633 0
-625 63 633 0
-625 -63 634 0
625 -634 0
63 -634 0
-628 -634 635 0
628 -635 0
634 -635 0
-628 -634 -636 0
628 634 -636 0
628 -634 636 0
-628 634 636 0
-630 -635 637 0
630 -637 0
635 -637 0
-630 -635 -638 0
630 635 -638 0
630 -635 638 0
-630 635 638 0
-632 -637 639 0
632 -639 0
637 -639 0
-632 -637 -640 0
632 637 -640 0
632 -637 640 0
-632 637 640 0
-633 -64 -641 0
633 64 -641 0
633 -64 641 0
-633 64 641 0
-633 -64 642 0
633 -642 0
64 -642 0
-636 -642 643 0
636 -643 0
642 -643 0
-636 -642 -644 0
636 642 -644 0
636 -642 644 0
-636 642 644 0
-638 -643 645 0
638 -645 0
643 -645 0
-638 -643 -646 0
638 643 -646 0
638 -643 646 0
-638 643 646 0
-640 -645 647 0
640 -647 0
645 -647 0
-640 -645 -648 0
640 645 -648 0
640 -645 648 0
-640 645 648 0
-641 0
-644 0
646 0
-648 0
-649 0
-650 0
-651 0
-652 0
-653 0
-654 0
-655 0
-656 0
-657 0
-649 -1 -658 0
649 1 -658 0
649 -1 658 0
-649 1 658 0
-649 -1 659 0
649 -659 0
1 -659 0
-650 -659 660 0
650 -660 0
659 -660 0
-650 -659 -661 0
650 659 -661 0
650 -659 661 0
-650 659 661 0
-651 -660 662 0
651 -662 0
660 -662 0
-651 -660 -663 0
651 660 -663 0
651 -660 663 0
-651 660 663 0
-652 -662 664 0
652 -664 0
662 -664 0
-652 -662 -665 0
652 662 -665 0
652 -662 665 0
-652 662 665 0
-658 -9 -666 0
658 9 -666 0
658 -9 666 0
-658 9 666 0
-658 -9 667 0
658 -667 0
9 -667 0
-661 -667 668 0
661 -668 0
667 -668 0
-661 -667 -669 0
661 667 -669 0
661 -667 669 0
-661 667 669 0
-663 -668 670 0
663 -670 0
668 -670 0
-663 -668 -671 0
663 668 -671 0
663 -668 671 0
-663 668 671 0
-665 -670 672 0
665 -672 0
670 -672 0
-665 -670 -673 0
665 670 -673 0
665 -670 673 0
-665 670 673 0
-666 -17 -674 0
666 17 -674 0
666 -17 674 0
-666 17 674 0
-666 -17 675 0
666 -675 0
17 -675 0
-669 -675 676 0
669 -676 0
675 -676 0
-669 -675 -677 0
669 675 -677 0
669 -675 677 0
-669 675 677 0
-671 -676 678 0
671 -678 0
676 -678 0
-671 -676 -679 0
671 676 -679 0
671 -676 679 0
-671 676 679 0
-673 -678 680 0
673 -680 0
678 -680 0
-673 -678 -681 0
673 678 -681 0
673 -678 681 0
-673 678 681 0
-674 -25 -682 0
674 25 -682 0
674 -25 682 0
-674 25 682 0
-674 -25 683 0
674 -683 0
25 -683 0
-677 -683 684 0
677 -684 0
683 -684 0
-677 -683 -685 0
677 683 -685 0
677 -683 685 0
-677 683 685 0
-679 -684 686 0
679 -686 0
684 -686 0
-679 -684 -687 0
679 684 -687 0
679 -684 687 0
-679 684 687 0
-681 -686 688 0
681 -688 0
686 -688 0
-681 -686 -689 0
681 686 -689 0
681 -686 689 0
-681 686 689 0
-682 -33 -690 0
682 33 -690 0
682 -33 690 0
-682 33 690 0
-682 -33 691 0
682 -691 0
33 -691 0
-685 -691 692 0
685 -692 0
691 -692 0
-685 -691 -693 0
685 691 -693 0
685 -691 693 0
-685 691 693 0
-687 -692 694 0
687 -694 0
692 -694 0
-687 -692 -695 0
687 692 -695 0
687 -692 695 0
-687 692 695 0
-689 -694 696 0
689 -696 0
694 -696 0
-689 -694 -697 0
689 694 -697 0
689 -694 697 0
-689 694 697 0
-690 -41 -698 0
690 41 -698 0
690 -41 698 0
-690 41 698 0
-690 -41 699 0
690 -699 0
41 -699 0
-693 -699 700 0
693 -700 0
699 -700 0
-693 -699 -701 0
693 699 -701 0
693 -699 701 0
-693 699 701 0
-695 -700 702 0
695 -702 0
700 -702 0
-695 -700 -703 0
695 700 -703 0
695 -700 703 0
-695 700 703 0
-697 -702 704 0
697 -704 0
702 -704 0
-697 -702 -705 0
697 702 -705 0
697 -702 705 0
-697 702 705 0
-698 -49 -706 0
698 49 -706 0
698 -49 706 0
-698 49 706 0
-698 -49 707 0
698 -707 0
49 -707 0
-701 -707 708 0
701 -708 0
707 -708 0
-701 -707 -709 0
701 707 -709 0
701 -707 709 0
-701 707 709 0
-703 -708 710 0
703 -710 0
708 -710 0
-703 -708 -711 0
703 708 -711 0
703 -708 711 0
-703 708 711 0
-705 -710 712 0
705 -712 0
710 -712 0
-705 -710 -713 0
705 710 -713 0
705 -710 713 0
-705 710 713 0
-706 -57 -714 0
706 57 -714 0
706 -57 714 0
-706 57 714 0
-706 -57 715 0
706 -715 0
57 -715 0
-709 -715 716 0
709 -716 0
715 -716 0
-709 -715 -717 0
709 715 -717 0
709 -715 717 0
-709 715 717 0
-711 -716 718 0
711 -718 0
716 -718 0
-711 -716 -719 0
711 716 -719 0
711 -716 719 0
-711 716 719 0
-713 -718 720 0
713 -720 0
718 -720 0
-713 -718 -721 0
713 718 -721 0
713 -718 721 0
-713 718 721 0
-714 0
-717 0
719 0
-721 0
-722 0
-723 0
-724 0
-725 0
-726 0
-727 0
-728 0
-729 0
-730 0
-722 -2 -731 0
722 2 -731 0
722 -2 731 0
-722 2 731 0
-722 -2 732 0
722 -732 0
2 -732 0
-723 -732 733 0
723 -733 0
732 -733 0
-723 -732 -734 0
723 732 -734 0
723 -732 734 0
-723 732 734 0
-724 -733 735 0
724 -735 0
733 -735 0
-724 -733 -736 0
724 733 -736 0
724 -733 736 0
-724 733 736 0
-725 -735 737 0
725 -737 0
735 -737 0
-725 -735 -738 0
725 735 -738 0
725 -735 738 0
-725 735 738 0
-731 -10 -739 0
731 10 -739 0
731 -10 739 0
-731 10 739 0
-731 -10 740 0
731 -740 0
10 -740 0
-734 -740 741 0
734 -741 0
740 -741 0
-734 -740 -742 0
734 740 -742 0
734 -740 742 0
-734 740 742 0
-736 -741 743 0
736 -743 0
741 -743 0
-736 -741 -744 0
736 741 -744 0
736 -741 744 0
-736 741 744 0
-738 -743 745 0
738 -745 0
743 -745 0
-738 -743 -746 0
738 743 -746 0
738 -743 746 0
-738 743 746 0
-739 -18 -747 0
739 18 -747 0
739 -18 747 0
-739 18 747 0
-739 -18 748 0
739 -748 0
18 -748 0
-742 -748 749 0
742 -749 0
748 -749 0
-742 -748 -750 0
742 748 -750 0
742 -748 750 0
-742 748 750 0
-744 -749 751 0
744 -751 0
749 -751 0
-744 -749 -752 0
744 749 -752 0
744 -749 752 0
-744 749 752 0
-746 -751 753 0
746 -753 0
751 -753 0
-746 -751 -754 0
746 751 -754 0
746 -751 754 0
-746 751 754 0
-747 -26 -755 0
747 26 -755 0
747 -26 755 0
-747 26 755 0
-747 -26 756 0
747 -756 0
26 -756 0
-750 -756 757 0
750 -757 0
756 -757 0
-750 -756 -758 0
750 756 -758 0
750 -756 758 0
-750 756 758 0
-752 -757 759 0
752 -759 0
757 -759 0
-752 -757 -760 0
752 757 -760 0
752 -757 760 0
-752 757 760 0
-754 -759 761 0
754 -761 0
759 -761 0
-754 -759 -762 0
754 759 -762 0
754 -759 762 0
-754 759 762 0
-755 -34 -763 0
755 34 -763 0
755 -34 763 0
-755 34 763 0
-755 -34 764 0
755 -764 0
34 -764 0
-758 -764 765 0
758 -765 0
764 -765 0
-758 -764 -766 0
758 764 -766 0
758 -764 766 0
-758 764 766 0
-760 -765 767 0
760 -767 0
765 -767 0
-760 -765 -768 0
760 765 -768 0
760 -765 768 0
-760 765 768 0
-762 -767 769 0
762 -769 0
767 -769 0
-762 -767 -770 0
762 767 -770 0
762 -767 770 0
-762 767 770 0
-763 -42 -771 0
763 42 -771 0
763 -42 771 0
-763 42 771 0
-763 -42 772 0
763 -772 0
42 -772 0
-766 -772 773 0
766 -773 0
772 -773 0
-766 -772 -774 0
766 772 -774 0
766 -772 774 0
-766 772 774 0
-768 -773 775 0
768 -775 0
773 -775 0
-768 -773 -776 0
768 773 -776 0
768 -773 776 0
-768 773 776 0
-770 -775 777 0
770 -777 0
775 -777 0
-770 -775 -778 0
770 775 -778 0
770 -775 778 0
-770 775 778 0
-771 -50 -779 0
771 50 -779 0
771 -50 779 0
-771 50 779 0
-771 -50 780 0
771 -780 0
50 -780 0
-774 -780 781 0
774 -781 0
780 -781 0
-774 -780 -782 0
774 780 -782 0
774 -780 782 0
-774 780 782 0
-776 -781 783 0
776 -783 0
781 -783 0
-776 -781 -784 0
776 781 -784 0
776 -781 784 0
-776 781 784 0
-778 -783 785 0
778 -785 0
783 -785 0
-778 -783 -786 0
778 783 -786 0
778 -783 786 0
-778 783 786 0
-779 -58 -787 0
779 58 -787 0
779 -58 787 0
-779 58 787 0
-779 -58 788 0
779 -788 0
58 -788 0
-782 -788 789 0
782 -789 0
788 -789 0
-782 -788 -790 0
782 788 -790 0
782 -788 790 0
-782 788 790 0
-784 -789 791 0
784 -791 0
789 -791 0
-784 -789 -792 0
784 789 -792 0
784 -789 792 0
-784 789 792 0
-786 -791 793 0
786 -793 0
791 -793 0
-786 -791 -794 0
786 791 -794 0
786 -791 794 0
-786 791 794 0
-787 0
-790 0
792 0
-794 0
-795 0
-796 0
-797 0
-798 0
-799 0
-800 0
-801 0
-802 0
-803 0
-795 -3 -804 0
795 3 -804 0
795 -3 804 0
-795 3 804 0
-795 -3 805 0
795 -805 0
3 -805 0
-796 -805 806 0
796 -806 0
805 -806 0
-796 -805 -807 0
796 805 -807 0
796 -805 807 0
-796 805 807 0
-797 -806 808 0
797 -808 0
806 -808 0
-797 -806 -809 0
797 806 -809 0
797 -806 809 0
-797 806 809 0
-798 -808 810 0
798 -810 0
808 -810 0
-798 -808 -811 0
798 808 -811 0
798 -808 811 0
-798 808 811 0
-804 -11 -812 0
804 11 -812 0
804 -11 812 0
-804 11 812 0
-804 -11 813 0
804 -813 0
11 -813 0
-807 -813 814 0
807 -814 0
813 -814 0
-807 -813 -815 0
807 813 -815 0
807 -813 815 0
-807 813 815 0
-809 -814 816 0
809 -816 0
814 -816 0
-809 -814 -817 0
809 814 -817 0
809 -814 817 0
-809 814 817 0
-811 -816 818 0
811 -818 0
816 -818 0
-811 -816 -819 0
811 816 -819 0
811 -816 819 0
-811 816 819 0
-812 -19 -820 0
812 19 -820 0
812 -19 820 0
-812 19 820 0
-812 -19 821 0
812 -821 0
19 -821 0
-815 -821 822 0
815 -822 0
821 -822 0
-815 -821 -823 0
815 821 -823 0
815 -821 823 0
-815 821 823 0
-817 -822 824 0
817 -824 0
822 -824 0
-817 -822 -825 0
817 822 -825 0
817 -822 825 0
-817 822 825 0
-819 -824 826 0
819 -826 0
824 -826 0
-819 -824 -827 0
819 824 -827 0
819 -824 827 0
-819 824 827 0
-820 -27 -828 0
820 27 -828 0
820 -27 828 0
-820 27 828 0
-820 -27 829 0
820 -829 0
27 -829 0
-823 -829 830 0
823 -830 0
829 -830 0
-823 -829 -831 0
823 829 -831 0
823 -829 831 0
-823 829 831 0
-825 -830 832 0
825 -832 0
830 -832 0
-825 -830 -833 0
825 830 -833 0
825 -830 833 0
-825 830 833 0
-827 -832 834 0
827 -834 0
832 -834 0
-827 -832 -835 0
827 832 -835 0
827 -832 835 0
-827 832 835 0
-828 -35 -836 0
828 35 -836 0
828 -35 836 0
-828 35 836 0
-828 -35 837 0
828 -837 0
35 -837 0
-831 -837 838 0
831 -838 0
837 -838 0
-831 -837 -839 0
831 837 -839 0
831 -837 839 0
-831 837 839 0
-833 -838 840 0
833 -840 0
838 -840 0
-833 -838 -841 0
833 838 -841 0
833 -838 841 0
-833 838 841 0
-835 -840 842 0
835 -842 0
840 -842 0
-835 -840 -843 0
835 840 -843 0
835 -840 843 0
-835 840 843 0
-836 -43 -844 0
836 43 -844 0
836 -43 844 0
-836 43 844 0
-836 -43 845 0
836 -845 0
43 -845 0
-839 -845 846 0
839 -846 0
845 -846 0
-839 -845 -847 0
839 845 -847 0
839 -845 847 0
-839 845 847 0
-841 -846 848 0
841 -848 0
846 -848 0
-841 -846 -849 0
841 846 -849 0
841 -846 849 0
-841 846 849 0
-843 -848 850 0
843 -850 0
848 -850 0
-843 -848 -851 0
843 848 -851 0
843 -848 851 0
-843 848 851 0
-844 -51 -852 0
844 51 -852 0
844 -51 852 0
-844 51 852 0
-844 -51 853 0
844 -853 0
51 -853 0
-847 -853 854 0
847 -854 0
853 -854 0
-847 -853 -855 0
847 853 -855 0
847 -853 855 0
-847 853 855 0
-849 -854 856 0
849 -856 0
854 -856 0
-849 -854 -857 0
849 854 -857 0
849 -854 857 0
-849 854 857 0
-851 -856 858 0
851 -858 0
856 -858 0
-851 -856 -859 0
851 856 -859 0
851 -856 859 0
-851 856 859 0
-852 -59 -860 0
852 59 -860 0
852 -59 860 0
-852 59 860 0
-852 -59 861 0
852 -861 0
59 -861 0
-855 -861 862 0
855 -862 0
861 -862 0
-855 -861 -863 0
855 861 -863 0
855 -861 863 0
-855 861 863 0
-857 -862 864 0
857 -864 0
862 -864 0
-857 -862 -865 0
857 862 -865 0
857 -862 865 0
-857 862 865 0
-859 -864 866 0
859 -866 0
864 -866 0
-859 -864 -867 0
859 864 -867 0
859 -864 867 0
-859 864 867 0
-860 0
-863 0
865 0
-867 0
-868 0
-869 0
-870 0
-871 0
-872 0
-873 0
-874 0
-875 0
-876 0
-868 -4 -877 0
868 4 -877 0
868 -4 877 0
-868 4 877 0
-868 -4 878 0
868 -878 0
4 -878 0
-869 -878 879 0
869 -879 0
878 -879 0
-869 -878 -880 0
869 878 -880 0
869 -878 880 0
-869 878 880 0
-870 -879 881 0
870 -881 0
879 -881 0
-870 -879 -882 0
870 879 -882 0
870 -879 882 0
-870 879 882 0
-871 -881 883 0
871 -883 0
881 -883 0
-871 -881 -884 0
871 881 -884 0
871 -881 884 0
-871 881 884 0
-877 -12 -885 0
877 12 -885 0
877 -12 885 0
-877 12 885 0
-877 -12 886 0
877 -886 0
12 -886 0
-880 -886 887 0
880 -887 0
886 -887 0
-880 -886 -888 0
880 886 -888 0
880 -886 888 0
-880 886 888 0
-882 -887 889 0
882 -889 0
887 -889 0
-882 -887 -890 0
882 887 -890 0
882 -887 890 0
-882 887 890 0
-884 -889 891 0
884 -891 0
889 -891 0
-884 -889 -892 0
884 889 -892 0
884 -889 892 0
-884 889 892 0
-885 -20 -893 0
885 20 -893 0
885 -20 893 0
-885 20 893 0
-885 -20 894 0
885 -894 0
20 -894 0
-888 -894 895 0
888 -895 0
894 -895 0
-888 -894 -896 0
888 894 -896 0
888 -894 896 0
-888 894 896 0
-890 -895 897 0
890 -897 0
895 -897 0
-890 -895 -898 0
890 895 -898 0
890 -895 898 0
-890 895 898 0
-892 -897 899 0
892 -899 0
897 -899 0
-892 -897 -900 0
892 897 -900 0
892 -897 900 0
-892 897 900 0
-893 -28 -901 0
893 28 -901 0
893 -28 901 0
-893 28 901 0
-893 -28 902 0
893 -902 0
28 -902 0
-896 -902 903 0
896 -903 0
902 -903 0
-896 -902 -904 0
896 902 -904 0
896 -902 904 0
-896 902 904 0
-898 -903 905 0
898 -905 0
903 -905 0
-898 -903 -906 0
898 903 -906 0
898 -903 906 0
-898 903 906 0
-900 -905 907 0
900 -907 0
905 -907 0
-900 -905 -908 0
900 905 -908 0
900 -905 908 0
-900 905 908 0
-901 -36 -909 0
901 36 -909 0
901 -36 909 0
-901 36 909 0
-901 -36 910 0
901 -910 0
36 -910 0
-904 -910 911 0
904 -911 0
910 -911 0
-904 -910 -912 0
904 910 -912 0
904 -910 912 0
-904 910 912 0
-906 -911 913 0
906 -913 0
911 -913 0
-906 -911 -914 0
906 911 -914 0
906 -911 914 0
-906 911 914 0
-908 -913 915 0
908 -915 0
913 -915 0
-908 -913 -916 0
908 913 -916 0
908 -913 916 0
-908 913 916 0
-909 -44 -917 0
909 44 -917 0
909 -44 917 0
-909 44 917 0
-909 -44 918 0
909 -918 0
44 -918 0
-912 -918 919 0
912 -919 0
918 -919 0
-912 -918 -920 0
912 918 -920 0
912 -918 920 0
-912 918 920 0
-914 -919 921 0
914 -921 0
919 -921 0
-914 -919 -922 0
914 919 -922 0
914 -919 922 0
-914 919 922 0
-916 -921 923 0
916 -923 0
921 -923 0
-916 -921 -924 0
916 921 -924 0
916 -921 924 0
-916 921 924 0
-917 -52 -925 0
917 52 -925 0
917 -52 925 0
-917 52 925 0
-917 -52 926 0
917 -926 0
52 -926 0
-920 -926 927 0
920 -927 0
926 -927 0
-920 -926 -928 0
920 926 -928 0
920 -926 928 0
-920 926 928 0
-922 -927 929 0
922 -929 0
927 -929 0
-922 -927 -930 0
922 927 -930 0
922 -927 930 0
-922 927 930 0
-924 -929 931 0
924 -931 0
929 -931 0
-924 -929 -932 0
924 929 -932 0
924 -929 932 0
-924 929 932 0
-925 -60 -933 0
925 60 -933 0
925 -60 933 0
-925 60 933 0
-925 -60 934 0
925 -934 0
60 -934 0
-928 -934 935 0
928 -935 0
934 -935 0
-928 -934 -936 0
928 934 -936 0
928 -934 936 0
-928 934 936 0
-930 -935 937 0
930 -937 0
935 -937 0
-930 -935 -938 0
930 935 -938 0
930 -935 938 0
-930 935 938 0
-932 -937 939 0
932 -939 0
937 -939 0
-932 -937 -940 0
932 937 -940 0
932 -937 940 0
-932 937 940 0
-933 0
-936 0
938 0
-940 0
-941 0
-942 0
-943 0
-944 0
-945 0
-946 0
-947 0
-948 0
-949 0
-941 -5 -950 0
941 5 -950 0
941 -5 950 0
-941 5 950 0
-941 -5 951 0
941 -951 0
5 -951 0
-942 -951 952 0
942 -952 0
951 -952 0
-942 -951 -953 0
942 951 -953 0
942 -951 953 0
-942 951 953 0
-943 -952 954 0
943 -954 0
952 -954 0
-943 -952 -955 0
943 952 -955 0
943 -952 955 0
-943 952 955 0
-944 -954 956 0
944 -956 0
954 -956 0
-944 -954 -957 0
944 954 -957 0
944 -954 957 0
-944 954 957 0
-950 -13 -958 0
950 13 -958 0
950 -13 958 0
-950 13 958 0
-950 -13 959 0
950 -959 0
13 -959 0
-953 -959 960 0
953 -960 0
959 -960 0
-953 -959 -961 0
953 959 -961 0
953 -959 961 0
-953 959 961 0
-955 -960 962 0
955 -962 0
960 -962 0
-955 -960 -963 0
955 960 -963 0
955 -960 963 0
-955 960 963 0
-957 -962 964 0
957 -964 0
962 -964 0
-957 -962 -965 0
957 962 -965 0
957 -962 965 0
-957 962 965 0
-958 -21 -966 0
958 21 -966 0
958 -21 966 0
-958 21 966 0
-958 -21 967 0
958 -967 0
21 -967 0
-961 -967 968 0
961 -968 0
967 -968 0
-961 -967 -969 0
961 967 -969 0
961 -967 969 0
-961 967 969 0
-963 -968 970 0
963 -970 0
968 -970 0
-963 -968 -971 0
963 968 -971 0
963 -968 971 0
-963 968 971 0
-965 -970 972 0
965 -972 0
970 -972 0
-965 -970 -973 0
965 970 -973 0
965 -970 973 0
-965 970 973 0
-966 -29 -974 0
966 29 -974 0
966 -29 974 0
-966 29 974 0
-966 -29 975 0
966 -975 0
29 -975 0
-969 -975 976 0
969 -976 0
975 -976 0
-969 -975 -977 0
969 975 -977 0
969 -975 977 0
-969 975 977 0
-971 -976 978 0
971 -978 0
976 -978 0
-971 -976 -979 0
971 976 -979 0
971 -976 979 0
-971 976 979 0
-973 -978 980 0
973 -980 0
978 -980 0
-973 -978 -981 0
973 978 -981 0
973 -978 981 0
-973 978 981 0
-974 -37 -982 0
974 37 -982 0
974 -37 982 0
-974 37 982 0
-974 -37 983 0
974 -983 0
37 -983 0
-977 -983 984 0
977 -984 0
983 -984 0
-977 -983 -985 0
977 983 -985 0
977 -983 985 0
-977 983 985 0
-979 -984 986 0
979 -986 0
984 -986 0
-979 -984 -987 0
979 984 -987 0
979 -984 987 0
-979 984 987 0
-981 -986 988 0
981 -988 0
986 -988 0
-981 -986 -989 0
981 986 -989 0
981 -986 989 0
-981 986 989 0
-982 -45 -990 0
982 45 -990 0
982 -45 990 0
-982 45 990 0
-982 -45 991 0
982 -991 0
45 -991 0
-985 -991 992 0
985 -992 0
991 -992 0
-985 -991 -993 0
985 991 -993 0
985 -991 993 0
-985 991 993 0
-987 -992 994 0
987 -994 0
992 -994 0
-987 -992 -995 0
987 992 -995 0
987 -992 995 0
-987 992 995 0
-989 -994 996 0
989 -996 0
994 -996 0
-989 -994 -997 0
989 994 -997 0
989 -994 997 0
-989 994 997 0
-990 -53 -998 0
990 53 -998 0
990 -53 998 0
-990 53 998 0
-990 -53 999 0
990 -999 0
53 -999 0
-993 -999 1000 0
993 -1000 0
999 -1000 0
-993 -999 -1001 0
993 999 -1001 0
993 -999 1001 0
-993 999 1001 0
-995 -1000 1002 0
995 -1002 0
1000 -1002 0
-995 -1000 -1003 0
995 1000 -1003 0
995 -1000 1003 0
-995 1000 1003 0
-997 -1002 1004 0
997 -1004 0
1002 -1004 0
-997 -1002 -1005 0
997 1002 -1005 0
997 -1002 1005 0
-997 1002 1005 0
-998 -61 -1006 0
998 61 -1006 0
998 -61 1006 0
-998 61 1006 0
-998 -61 1007 0
998 -1007 0
61 -1007 0
-1001 -1007 1008 0
1001 -1008 0
1007 -1008 0
-1001 -1007 -1009 0
1001 1007 -1009 0
1001 -1007 1009 0
-1001 1007 1009 0
-1003 -1008 1010 0
1003 -1010 0
1008 -1010 0
-1003 -1008 -1011 0
1003 1008 -1011 0
1003 -1008 1011 0
-1003 1008 1011 0
-1005 -1010 1012 0
1005 -1012 0
1010 -1012 0
-1005 -1010 -1013 0
1005 1010 -1013 0
1005 -1010 1013 0
-1005 1010 1013 0
-1006 0
-1009 0
1011 0
-1013 0
-1014 0
-1015 0
-1016 0
-1017 0
-1018 0
-1019 0
-1020 0
-1021 0
-1022 0
-1014 -6 -1023 0
1014 6 -1023 0
1014 -6 1023 0
-1014 6 1023 0
-1014 -6 1024 0
1014 -1024 0
6 -1024 0
-1015 -1024 1025 0
1015 -1025 0
1024 -1025 0
-1015 -1024 -1026 0
1015 1024 -1026 0
1015 -1024 1026 0
-1015 1024 1026 0
-1016 -1025 1027 0
1016 -1027 0
1025 -1027 0
-1016 -1025 -1028 0
1016 1025 -1028 0
1016 -1025 1028 0
-1016 1025 1028 0
-1017 -1027 1029 0
1017 -1029 0
1027 -1029 0
-1017 -1027 -1030 0
1017 1027 -1030 0
1017 -1027 1030 0
-1017 1027 1030 0
-1023 -14 -1031 0
1023 14 -1031 0
1023 -14 1031 0
-1023 14 1031 0
-1023 -14 1032 0
1023 -1032 0
14 -1032 0
-1026 -1032 1033 0
1026 -1033 0
1032 -1033 0
-1026 -1032 -1034 0
1026 1032 -1034 0
1026 -1032 1034 0
-1026 1032 1034 0
-1028 -1033 1035 0
1028 -1035 0
1033 -1035 0
-1028 -1033 -1036 0
1028 1033 -1036 0
1028 -1033 1036 0
-1028 1033 1036 0
-1030 -1035 1037 0
1030 -1037 0
1035 -1037 0
-1030 -1035 -1038 0
1030 1035 -1038 0
1030 -1035 1038 0
-1030 1035 1038 0
-1031 -22 -1039 0
1031 22 -1039 0
1031 -22 1039 0
-1031 22 1039 0
-1031 -22 1040 0
1031 -1040 0
22 -1040 0
-1034 -1040 1041 0
1034 -1041 0
1040 -1041 0
-1034 -1040 -1042 0
1034 1040 -1042 0
1034 -1040 1042 0
-1034 1040 1042 0
-1036 -1041 1043 0
1036 -1043 0
1041 -1043 0
-1036 -1041 -1044 0
1036 1041 -1044 0
1036 -1041 1044 0
-1036 1041 1044 0
-1038 -1043 1045 0
1038 -1045 0
1043 -1045 0
-1038 -1043 -1046 0
1038 1043 -1046 0
1038 -1043 1046 0
-1038 1043 1046 0
-1039 -30 -1047 0
1039 30 -1047 0
1039 -30 1047 0
-1039 30 1047 0
-1039 -30 1048 0
1039 -1048 0
30 -1048 0
-1042 -1048 1049 0
1042 -1049 0
1048 -1049 0
-1042 -1048 -1050 0
1042 1048 -1050 0
1042 -1048 1050 0
-1042 1048 1050 0
-1044 -1049 1051 0
1044 -1051 0
1049 -1051 0
-1044 -1049 -1052 0
1044 1049 -1052 0
1044 -1049 1052 0
-1044 1049 1052 0
-1046 -1051 1053 0
1046 -1053 0
1051 -1053 0
-1046 -1051 -1054 0
1046 1051 -1054 0
1046 -1051 1054 0
-1046 1051 1054 0
-1047 -38 -1055 0
1047 38 -1055 0
1047 -38 1055 0
-1047 38 1055 0
-1047 -38 1056 0
1047 -1056 0
38 -1056 0
-1050 -1056 1057 0
1050 -1057 0
1056 -1057 0
-1050 -1056 -1058 0
1050 1056 -1058 0
1050 -1056 1058 0
-1050 1056 1058 0
-1052 -1057 1059 0
1052 -1059 0
1057 -1059 0
-1052 -1057 -1060 0
1052 1057 -1060 0
1052 -1057 1060 0
-1052 1057 1060 0
-1054 -1059 1061 0
1054 -1061 0
1059 -1061 0
-1054 -1059 -1062 0
1054 1059 -1062 0
1054 -1059 1062 0
-1054 1059 1062 0
-1055 -46 -1063 0
1055 46 -1063 0
1055 -46 1063 0
-1055 46 1063 0
-1055 -46 1064 0
1055 -1064 0
46 -1064 0
-1058 -1064 1065 0
1058 -1065 0
1064 -1065 0
-1058 -1064 -1066 0
1058 1064 -1066 0
1058 -1064 1066 0
-1058 1064 1066 0
-1060 -1065 1067 0
1060 -1067 0
1065 -1067 0
-1060 -1065 -1068 0
1060 1065 -1068 0
1060 -1065 1068 0
-1060 1065 1068 0
-1062 -1067 1069 0
1062 -1069 0
1067 -1069 0
-1062 -1067 -1070 0
1062 1067 -1070 0
1062 -1067 1070 0
-1062 1067 1070 0
-1063 -54 -1071 0
1063 54 -1071 0
1063 -54 1071 0
-1063 54 1071 0
-1063 -54 1072 0
1063 -1072 0
54 -1072 0
-1066 -1072 1073 0
1066 -1073 0
1072 -1073 0
-1066 -1072 -1074 0
1066 1072 -1074 0
1066 -1072 1074 0
-1066 1072 1074 0
-1068 -1073 1075 0
1068 -1075 0
1073 -1075 0
-1068 -1073 -1076 0
1068 1073 -1076 0
1068 -1073 1076 0
-1068 1073 1076 0
-1070 -1075 1077 0
1070 -1077 0
1075 -1077 0
-1070 -1075 -1078 0
1070 1075 -1078 0
1070 -1075 1078 0
-1070 1075 1078 0
-1071 -62 -1079 0
1071 62 -1079 0
1071 -62 1079 0
-1071 62 1079 0
-1071 -62 1080 0
1071 -1080 0
62 -1080 0
-1074 -1080 1081 0
1074 -1081 0
1080 -1081 0
-1074 -1080 -1082 0
1074 1080 -1082 0
1074 -1080 1082 0
-1074 1080 1082 0
-1076 -1081 1083 0
1076 -1083 0
1081 -1083 0
-1076 -1081 -1084 0
1076 1081 -1084 0
1076 -1081 1084 0
-1076 1081 1084 0
-1078 -1083 1085 0
1078 -1085 0
1083 -1085 0
-1078 -1083 -1086 0
1078 1083 -1086 0
1078 -1083 1086 0
-1078 1083 1086 0
-1079 0
-1082 0
1084 0
-1086 0
-1087 0
-1088 0
-1089 0
-1090 0
-1091 0
-1092 0
-1093 0
-1094 0
-1095 0
-1087 -7 -1096 0
1087 7 -1096 0
1087 -7 1096 0
-1087 7 1096 0
-1087 -7 1097 0
1087 -1097 0
7 -1097 0
-1088 -1097 1098 0
1088 -1098 0
1097 -1098 0
-1088 -1097 -1099 0
1088 1097 -1099 0
1088 -1097 1099 0
-1088 1097 1099 0
-1089 -1098 1100 0
1089 -1100 0
1098 -1100 0
-1089 -1098 -1101 0
1089 1098 -1101 0
1089 -1098 1101 0
-1089 1098 1101 0
-1090 -1100 1102 0
1090 -1102 0
1100 -1102 0
-1090 -1100 -1103 0
1090 1100 -1103 0
1090 -1100 1103 0
-1090 1100 1103 0
-1096 -15 -1104 0
1096 15 -1104 0
1096 -15 1104 0
-1096 15 1104 0
-1096 -15 1105 0
1096 -1105 0
15 -1105 0
-1099 -1105 1106 0
1099 -1106 0
1105 -1106 0
-1099 -1105 -1107 0
1099 1105 -1107 0
1099 -1105 1107 0
-1099 1105 1107 0
-1101 -1106 1108 0
1101 -1108 0
1106 -1108 0
-1101 -1106 -1109 0
1101 1106 -1109 0
1101 -1106 1109 0
-1101 1106 1109 0
-1103 -1108 1110 0
1103 -1110 0
1108 -1110 0
-1103 -1108 -1111 0
1103 1108 -1111 0
1103 -1108 1111 0
-1103 1108 1111 0
-1104 -23 -1112 0
1104 23 -1112 0
1104 -23 1112 0
-1104 23 1112 0
-1104 -23 1113 0
1104 -1113 0
23 -1113 0
-1107 -1113 1114 0
1107 -1114 0
1113 -1114 0
-1107 -1113 -1115 0
1107 1113 -1115 0
1107 -1113 1115 0
-1107 1113 1115 0
-1109 -1114 1116 0
1109 -1116 0
1114 -1116 0
-1109 -1114 -1117 0
1109 1114 -1117 0
1109 -1114 1117 0
-1109 1114 1117 0
-1111 -1116 1118 0
1111 -1118 0
1116 -1118 0
-1111 -1116 -1119 0
1111 1116 -1119 0
1111 -1116 1119 0
-1111 1116 1119 0
-1112 -31 -1120 0
1112 31 -1120 0
1112 -31 1120 0
-1112 31 1120 0
-1112 -31 1121 0
1112 -1121 0
31 -1121 0
-1115 -1121 1122 0
1115 -1122 0
1121 -1122 0
-1115 -1121 -1123 0
1115 1121 -1123 0
1115 -1121 1123 0
-1115 1121 1123 0
-1117 -1122 1124 0
1117 -1124 0
1122 -1124 0
-1117 -1122 -1125 0
1117 1122 -1125 0
1117 -1122 1125 0
-1117 1122 1125 0
-1119 -1124 1126 0
1119 -1126 0
1124 -1126 0
-1119 -1124 -1127 0
1119 1124 -1127 0
1119 -1124 1127 0
-1119 1124 1127 0
-1120 -39 -1128 0
1120 39 -1128 0
1120 -39 1128 0
-1120 39 1128 0
-1120 -39 1129 0
1120 -1129 0
39 -1129 0
-1123 -1129 1130 0
1123 -1130 0
1129 -1130 0
-1123 -1129 -1131 0
1123 1129 -1131 0
1123 -1129 1131 0
-1123 1129 1131 0
-1125 -1130 1132 0
1125 -1132 0
1130 -1132 0
-1125 -1130 -1133 0
1125 1130 -1133 0
1125 -1130 1133 0
-1125 1130 1133 0
-1127 -1132 1134 0
1127 -1134 0
1132 -1134 0
-1127 -1132 -1135 0
1127 1132 -1135 0
1127 -1132 1135 0
-1127 1132 1135 0
-1128 -47 -1136 0
1128 47 -1136 0
1128 -47 1136 0
-1128 47 1136 0
-1128 -47 1137 0
1128 -1137 0
47 -1137 0
-1131 -1137 1138 0
1131 -1138 0
1137 -1138 0
-1131 -1137 -1139 0
1131 1137 -1139 0
1131 -1137 1139 0
-1131 1137 1139 0
-1133 -1138 1140 0
1133 -1140 0
1138 -1140 0
-1133 -1138 -1141 0
1133 1138 -1141 0
1133 -1138 1141 0
-1133 1138 1141 0
-1135 -1140 1142 0
1135 -1142 0
1140 -1142 0
-1135 -1140 -1143 0
1135 1140 -1143 0
1135 -1140 1143 0
-1135 1140 1143 0
-1136 -55 -1144 0
1136 55 -1144 0
1136 -55 1144 0
-1136 55 1144 0
-1136 -55 1145 0
1136 -1145 0
55 -1145 0
-1139 -1145 1146 0
1139 -1146 0
1145 -1146 0
-1139 -1145 -1147 0
1139 1145 -1147 0
1139 -1145 1147 0
-1139 1145 1147 0
-1141 -1146 1148 0
1141 -1148 0
1146 -1148 0
-1141 -1146 -1149 0
1141 1146 -1149 0
1141 -1146 1149 0
-1141 1146 1149 0
-1143 -1148 1150 0
1143 -1150 0
1148 -1150 0
-1143 -1148 -1151 0
1143 1148 -1151 0
1143 -1148 1151 0
-1143 1148 1151 0
-1144 -63 -1152 0
1144 63 -1152 0
1144 -63 1152 0
-1144 63 1152 0
-1144 -63 1153 0
1144 -1153 0
63 -1153 0
-1147 -1153 1154 0
1147 -1154 0
1153 -1154 0
-1147 -1153 -1155 0
1147 1153 -1155 0
1147 -1153 1155 0
-1147 1153 1155 0
-1149 -1154 1156 0
1149 -1156 0
1154 -1156 0
-1149 -1154 -1157 0
1149 1154 -1157 0
1149 -1154 1157 0
-1149 1154 1157 0
-1151 -1156 1158 0
1151 -1158 0
1156 -1158 0
-1151 -1156 -1159 0
1151 1156 -1159 0
1151 -1156 1159 0
-1151 1156 1159 0
-1152 0
-1155 0
1157 0
-1159 0
-1160 0
-1161 0
-1162 0
-1163 0
-1164 0
-1165 0
-1166 0
-1167 0
-1168 0
-1160 -8 -1169 0
1160 8 -1169 0
1160 -8 1169 0
-1160 8 1169 0
-1160 -8 1170 0
1160 -1170 0
8 -1170 0
-1161 -1170 1171 0
1161 -1171 0
1170 -1171 0
-1161 -1170 -1172 0
1161 1170 -1172 0
1161 -1170 1172 0
-1161 1170 1172 0
-1162 -1171 1173 0
1162 -1173 0
1171 -1173 0
-1162 -1171 -1174 0
1162 1171 -1174 0
1162 -1171 1174 0
-1162 1171 1174 0
-1163 -1173 1175 0
1163 -1175 0
1173 -1175 0
-1163 -1173 -1176 0
1163 1173 -1176 0
1163 -1173 1176 0
-1163 1173 1176 0
-1169 -16 -1177 0
1169 16 -1177 0
1169 -16 1177 0
-1169 16 1177 0
-1169 -16 1178 0
1169 -1178 0
16 -1178 0
-1172 -1178 1179 0
1172 -1179 0
1178 -1179 0
-1172 -1178 -1180 0
1172 1178 -1180 0
1172 -1178 1180 0
-1172 1178 1180 0
-1174 -1179 1181 0
1174 -1181 0
1179 -1181 0
-1174 -1179 -1182 0
1174 1179 -1182 0
1174 -1179 1182 0
-1174 1179 1182 0
-1176 -1181 1183 0
1176 -1183 0
1181 -1183 0
-1176 -1181 -1184 0
1176 1181 -1184 0
1176 -1181 1184 0
-1176 1181 1184 0
-1177 -24 -1185 0
1177 24 -1185 0
1177 -24 1185 0
-1177 24 1185 0
-1177 -24 1186 0
1177 -1186 0
24 -1186 0
-1180 -1186 1187 0
1180 -1187 0
1186 -1187 0
-1180 -1186 -1188 0
1180 1186 -1188 0
1180 -1186 1188 0
-1180 1186 1188 0
-1182 -1187 1189 0
1182 -1189 0
1187 -1189 0
-1182 -1187 -1190 0
1182 1187 -1190 0
1182 -1187 1190 0
-1182 1187 1190 0
-1184 -1189 1191 0
1184 -1191 0
1189 -1191 0
-1184 -1189 -1192 0
1184 1189 -1192 0
1184 -1189 1192 0
-1184 1189 1192 0
-1185 -32 -1193 0
1185 32 -1193 0
1185 -32 1193 0
-1185 32 1193 0
-1185 -32 1194 0
1185 -1194 0
32 -1194 0
-1188 -1194 1195 0
1188 -1195 0
1194 -1195 0
-1188 -1194 -1196 0
1188 1194 -1196 0
1188 -1194 1196 0
-1188 1194 1196 0
-1190 -1195 1197 0
1190 -1197 0
1195 -1197 0
-1190 -1195 -1198 0
1190 1195 -1198 0
1190 -1195 1198 0
-1190 1195 1198 0
-1192 -1197 1199 0
1192 -1199 0
1197 -1199 0
-1192 -1197 -1200 0
1192 1197 -1200 0
1192 -1197 1200 0
-1192 1197 1200 0
-1193 -40 -1201 0
1193 40 -1201 0
1193 -40 1201 0
-1193 40 1201 0
-1193 -40 1202 0
1193 -1202 0
40 -1202 0
-1196 -1202 1203 0
1196 -1203 0
1202 -1203 0
-1196 -1202 -1204 0
1196 1202 -1204 0
1196 -1202 1204 0
-1196 1202 1204 0
-1198 -1203 1205 0
1198 -1205 0
1203 -1205 0
-1198 -1203 -1206 0
1198 1203 -1206 0
1198 -1203 1206 0
-1198 1203 1206 0
-1200 -1205 1207 0
1200 -1207 0
1205 -1207 0
-1200 -1205 -1208 0
1200 1205 -1208 0
1200 -1205 1208 0
-1200 1205 1208 0
-1201 -48 -1209 0
1201 48 -1209 0
1201 -48 1209 0
-1201 48 1209 0
-1201 -48 1210 0
1201 -1210 0
48 -1210 0
-1204 -1210 1211 0
1204 -1211 0
1210 -1211 0
-1204 -1210 -1212 0
1204 1210 -1212 0
1204 -1210 1212 0
-1204 1210 1212 0
-1206 -1211 1213 0
1206 -1213 0
1211 -1213 0
-1206 -1211 -1214 0
1206 1211 -1214 0
1206 -1211 1214 0
-1206 1211 1214 0
-1208 -1213 1215 0
1208 -1215 0
1213 -1215 0
-1208 -1213 -1216 0
1208 1213 -1216 0
1208 -1213 1216 0
-1208 1213 1216 0
-1209 -56 -1217 0
1209 56 -1217 0
1209 -56 1217 0
-1209 56 1217 0
-1209 -56 1218 0
1209 -1218 0
56 -1218 0
-1212 -1218 1219 0
1212 -1219 0
1218 -1219 0
-1212 -1218 -1220 0
1212 1218 -1220 0
1212 -1218 1220 0
-1212 1218 1220 0
-1214 -1219 1221 0
1214 -1221 0
1219 -1221 0
-1214 -1219 -1222 0
1214 1219 -1222 0
1214 -1219 1222 0
-1214 1219 1222 0
-1216 -1221 1223 0
1216 -1223 0
1221 -1223 0
-1216 -1221 -1224 0
1216 1221 -1224 0
1216 -1221 1224 0
-1216 1221 1224 0
-1217 -64 -1225 0
1217 64 -1225 0
1217 -64 1225 0
-1217 64 1225 0
-1217 -64 1226 0
1217 -1226 0
64 -1226 0
-1220 -1226 1227 0
1220 -1227 0
1226 -1227 0
-1220 -1226 -1228 0
1220 1226 -1228 0
1220 -1226 1228 0
-1220 1226 1228 0
-1222 -1227 1229 0
1222 -1229 0
1227 -1229 0
-1222 -1227 -1230 0
1222 1227 -1230 0
1222 -1227 1230 0
-1222 1227 1230 0
-1224 -1229 1231 0
1224 -1231 0
1229 -1231 0
-1224 -1229 -1232 0
1224 1229 -1232 0
1224 -1229 1232 0
-1224 1229 1232 0
-1225 0
-1228 0
1230 0
-1232 0
